d MovingBlock 1150 150 1300 150 100 100
d MovingBlock 1300 350 1700 350 100 100
d MovingBlock 1700 550 2100 550 100 100
d MovingBlock 2100 750 2500 750 100 100
d MovingBlock 2500 950 2900 950 100 100
d MovingBlock 3300 750 3300 900 100 100
d MovingBlock 3500 550 3500 800 100 100
d MovingBlock 3600 600 3500 800 100 100
d MovingBlock 3700 350 3600 550 100 100
d MovingBlock 3900 350 3600 1050 100 100

d MovingBlock 3900 350 3600 1050 100 100

d FallingBlock 3800 25 50 150 2 0
d FallingBlock 4000 25 50 150 2 0
d FallingBlock 4450 25 50 150 2 0
d FallingBlock 4750 25 50 150 2 0
d FallingBlock 5050 25 50 150 2 0
d FallingBlock 5150 25 50 150 3 0

s CheckPoint 850 90 30 80 0 0
s CheckPoint 3000 870 30 80 0 0
s CheckPoint 5500 210 30 80 0 0
s CheckPoint 5985 910 30 80 1 0

s Block 50 1000 100 50
s Block 400 850 30 25
s Block 400 850 30 25
s Block 400 700 30 25
s Block 400 550 30 25
s Block 400 400 30 25
s Block 400 250 30 25
s Block 400 150 300 50
s Block 700 150 100 50
s Block 850 150 100 50
s Block 1000 150 100 50
s Block 1000 550 100 50
s Block 1300 250 100 100
s Block 1700 450 100 100
s Block 2975 300 50 50
s Block 2100 650 100 100
s Block 2975 500 50 50
s Block 2500 850 100 100
s Block 2975 700 50 50
s Block 3025 500 50 450
s Block 3050 950 200 100
s Block 4100 500 100 100
s Block 4300 500 200 100
s Block 4600 500 200 100
s Block 4900 500 200 100
s Block 5600 300 600 100
s Block 5350 400 100 100
s Block 5350 500 100 100
s Block 5350 600 100 100
s Block 5350 700 100 100
s Block 5350 800 100 100
s Block 5750 500 500 100
s Block 5650 800 500 100
s Block 5950 1000 100 100

s Gift 1000 400 25 25

s Rope 200 500 0 1000
s Rope 610 300 0 600
s Rope 925 250 0 500
s Rope 1100 250 0 500
s Rope 5200 500 0 1000

d Archer 400 220 2 200 200 220
d Archer 400 370 2 200 200 370
d Archer 400 520 2 200 200 520
d Archer 400 670 2 200 200 670
d Archer 400 820 3 200 200 820
d Archer 2950 255 2 1650 1350 255
d Archer 2950 455 2 1250 1750 455
d Archer 2950 655 2 850 2150 655